[1 2 3 4 5 6] 1
[1 2 3 4 6 5] 0.867
[1 2 3 5 4 6] 0.867
[1 2 4 3 5 6] 0.867
[1 3 2 4 5 6] 0.867
[2 1 3 4 5 6] 0.867
[1 2 3 6 4 5] 0.733
[1 2 3 5 6 4] 0.733
[1 2 5 3 4 6] 0.733
[1 2 4 5 3 6] 0.733
[1 2 4 3 6 5] 0.733
[1 4 2 3 5 6] 0.733
[1 3 4 2 5 6] 0.733
[1 3 2 5 4 6] 0.733
[1 3 2 4 6 5] 0.733
[3 1 2 4 5 6] 0.733
[2 3 1 4 5 6] 0.733
[2 1 4 3 5 6] 0.733
[2 1 3 5 4 6] 0.733
[2 1 3 4 6 5] 0.733
[1 2 6 3 4 5] 0.6
[1 2 3 6 5 4] 0.6
[1 2 5 3 6 4] 0.6
[1 5 2 3 4 6] 0.6
[1 2 5 4 3 6] 0.6
[1 2 4 5 6 3] 0.6
[1 2 4 6 3 5] 0.6
[1 4 2 3 6 5] 0.6
[1 4 2 5 3 6] 0.6
[4 1 2 3 5 6] 0.6
[1 4 3 2 5 6] 0.6
[1 3 4 2 6 5] 0.6
[1 3 4 5 2 6] 0.6
[1 3 5 2 4 6] 0.6
[1 3 2 5 6 4] 0.6
[1 3 2 6 4 5] 0.6
[3 1 2 4 6 5] 0.6
[3 1 2 5 4 6] 0.6
[3 1 4 2 5 6] 0.6
[3 2 1 4 5 6] 0.6
[2 3 1 4 6 5] 0.6
[2 3 1 5 4 6] 0.6
[2 3 4 1 5 6] 0.6
[2 4 1 3 5 6] 0.6
[2 1 4 3 6 5] 0.6
[2 1 4 5 3 6] 0.6
[2 1 5 3 4 6] 0.6
[2 1 3 5 6 4] 0.6
[2 1 3 6 4 5] 0.6
[1 6 2 3 4 5] 0.467
[1 2 6 3 5 4] 0.467
[1 2 5 6 3 4] 0.467
[1 5 2 3 6 4] 0.467
[5 1 2 3 4 6] 0.467
[1 5 2 4 3 6] 0.467
[1 2 5 4 6 3] 0.467
[1 2 4 6 5 3] 0.467
[1 2 6 4 3 5] 0.467
[1 4 2 6 3 5] 0.467
[1 4 2 5 6 3] 0.467
[1 4 5 2 3 6] 0.467
[4 1 2 5 3 6] 0.467
[4 1 2 3 6 5] 0.467
[4 1 3 2 5 6] 0.467
[1 4 3 5 2 6] 0.467
[1 4 3 2 6 5] 0.467
[1 3 4 6 2 5] 0.467
[1 3 4 5 6 2] 0.467
[1 3 5 4 2 6] 0.467
[1 5 3 2 4 6] 0.467
[1 3 5 2 6 4] 0.467
[1 3 2 6 5 4] 0.467
[1 3 6 2 4 5] 0.467
[3 1 2 6 4 5] 0.467
[3 1 2 5 6 4] 0.467
[3 1 5 2 4 6] 0.467
[3 1 4 5 2 6] 0.467
[3 1 4 2 6 5] 0.467
[3 4 1 2 5 6] 0.467
[3 2 4 1 5 6] 0.467
[3 2 1 5 4 6] 0.467
[3 2 1 4 6 5] 0.467
[2 3 1 6 4 5] 0.467
[2 3 1 5 6 4] 0.467
[2 3 5 1 4 6] 0.467
[2 3 4 5 1 6] 0.467
[2 3 4 1 6 5] 0.467
[2 4 3 1 5 6] 0.467
[4 2 1 3 5 6] 0.467
[2 4 1 5 3 6] 0.467
[2 4 1 3 6 5] 0.467
[2 1 4 6 3 5] 0.467
[2 1 4 5 6 3] 0.467
[2 1 5 4 3 6] 0.467
[2 5 1 3 4 6] 0.467
[2 1 5 3 6 4] 0.467
[2 1 3 6 5 4] 0.467
[2 1 6 3 4 5] 0.467
[6 1 2 3 4 5] 0.333
[1 6 2 3 5 4] 0.333
[1 2 6 5 3 4] 0.333
[1 5 2 6 3 4] 0.333
[5 1 2 3 6 4] 0.333
[5 1 2 4 3 6] 0.333
[1 5 2 4 6 3] 0.333
[1 2 5 6 4 3] 0.333
[1 2 6 4 5 3] 0.333
[1 6 2 4 3 5] 0.333
[1 4 6 2 3 5] 0.333
[1 4 2 6 5 3] 0.333
[1 4 5 2 6 3] 0.333
[1 5 4 2 3 6] 0.333
[4 1 5 2 3 6] 0.333
[4 1 2 5 6 3] 0.333
[4 1 2 6 3 5] 0.333
[4 1 3 2 6 5] 0.333
[4 1 3 5 2 6] 0.333
[1 4 5 3 2 6] 0.333
[1 4 3 5 6 2] 0.333
[1 4 3 6 2 5] 0.333
[1 3 6 4 2 5] 0.333
[1 3 4 6 5 2] 0.333
[1 3 5 4 6 2] 0.333
[1 5 3 4 2 6] 0.333
[5 1 3 2 4 6] 0.333
[1 5 3 2 6 4] 0.333
[1 3 5 6 2 4] 0.333
[1 3 6 2 5 4] 0.333
[1 6 3 2 4 5] 0.333
[3 1 6 2 4 5] 0.333
[3 1 2 6 5 4] 0.333
[3 1 5 2 6 4] 0.333
[3 5 1 2 4 6] 0.333
[3 1 5 4 2 6] 0.333
[3 1 4 5 6 2] 0.333
[3 1 4 6 2 5] 0.333
[3 4 1 2 6 5] 0.333
[3 4 1 5 2 6] 0.333
[4 3 1 2 5 6] 0.333
[3 4 2 1 5 6] 0.333
[3 2 4 1 6 5] 0.333
[3 2 4 5 1 6] 0.333
[3 2 5 1 4 6] 0.333
[3 2 1 5 6 4] 0.333
[3 2 1 6 4 5] 0.333
[2 3 6 1 4 5] 0.333
[2 3 1 6 5 4] 0.333
[2 3 5 1 6 4] 0.333
[2 5 3 1 4 6] 0.333
[2 3 5 4 1 6] 0.333
[2 3 4 5 6 1] 0.333
[2 3 4 6 1 5] 0.333
[2 4 3 1 6 5] 0.333
[2 4 3 5 1 6] 0.333
[4 2 3 1 5 6] 0.333
[4 2 1 3 6 5] 0.333
[4 2 1 5 3 6] 0.333
[2 4 5 1 3 6] 0.333
[2 4 1 5 6 3] 0.333
[2 4 1 6 3 5] 0.333
[2 1 6 4 3 5] 0.333
[2 1 4 6 5 3] 0.333
[2 1 5 4 6 3] 0.333
[2 5 1 4 3 6] 0.333
[5 2 1 3 4 6] 0.333
[2 5 1 3 6 4] 0.333
[2 1 5 6 3 4] 0.333
[2 1 6 3 5 4] 0.333
[2 6 1 3 4 5] 0.333
[6 1 2 3 5 4] 0.2
[1 6 2 5 3 4] 0.2
[1 5 6 2 3 4] 0.2
[5 1 2 6 3 4] 0.2
[5 1 2 4 6 3] 0.2
[1 5 2 6 4 3] 0.2
[1 2 6 5 4 3] 0.2
[1 6 2 4 5 3] 0.2
[6 1 2 4 3 5] 0.2
[1 6 4 2 3 5] 0.2
[1 4 6 2 5 3] 0.2
[1 4 5 6 2 3] 0.2
[1 5 4 2 6 3] 0.2
[5 1 4 2 3 6] 0.2
[4 5 1 2 3 6] 0.2
[4 1 5 2 6 3] 0.2
[4 1 2 6 5 3] 0.2
[4 1 6 2 3 5] 0.2
[4 1 3 6 2 5] 0.2
[4 1 3 5 6 2] 0.2
[4 1 5 3 2 6] 0.2
[1 5 4 3 2 6] 0.2
[1 4 5 3 6 2] 0.2
[1 4 3 6 5 2] 0.2
[1 4 6 3 2 5] 0.2
[1 6 3 4 2 5] 0.2
[1 3 6 4 5 2] 0.2
[1 3 5 6 4 2] 0.2
[1 5 3 4 6 2] 0.2
[5 1 3 4 2 6] 0.2
[5 1 3 2 6 4] 0.2
[1 5 3 6 2 4] 0.2
[1 3 6 5 2 4] 0.2
[1 6 3 2 5 4] 0.2
[6 1 3 2 4 5] 0.2
[3 6 1 2 4 5] 0.2
[3 1 6 2 5 4] 0.2
[3 1 5 6 2 4] 0.2
[3 5 1 2 6 4] 0.2
[5 3 1 2 4 6] 0.2
[3 5 1 4 2 6] 0.2
[3 1 5 4 6 2] 0.2
[3 1 4 6 5 2] 0.2
[3 1 6 4 2 5] 0.2
[3 4 1 6 2 5] 0.2
[3 4 1 5 6 2] 0.2
[3 4 5 1 2 6] 0.2
[4 3 1 5 2 6] 0.2
[4 3 1 2 6 5] 0.2
[4 3 2 1 5 6] 0.2
[3 4 2 5 1 6] 0.2
[3 4 2 1 6 5] 0.2
[3 2 4 6 1 5] 0.2
[3 2 4 5 6 1] 0.2
[3 2 5 4 1 6] 0.2
[3 5 2 1 4 6] 0.2
[3 2 5 1 6 4] 0.2
[3 2 1 6 5 4] 0.2
[3 2 6 1 4 5] 0.2
[2 6 3 1 4 5] 0.2
[2 3 6 1 5 4] 0.2
[2 3 5 6 1 4] 0.2
[2 5 3 1 6 4] 0.2
[5 2 3 1 4 6] 0.2
[2 5 3 4 1 6] 0.2
[2 3 5 4 6 1] 0.2
[2 3 4 6 5 1] 0.2
[2 3 6 4 1 5] 0.2
[2 4 3 6 1 5] 0.2
[2 4 3 5 6 1] 0.2
[2 4 5 3 1 6] 0.2
[4 2 3 5 1 6] 0.2
[4 2 3 1 6 5] 0.2
[4 2 1 6 3 5] 0.2
[4 2 1 5 6 3] 0.2
[4 2 5 1 3 6] 0.2
[2 5 4 1 3 6] 0.2
[2 4 5 1 6 3] 0.2
[2 4 1 6 5 3] 0.2
[2 4 6 1 3 5] 0.2
[2 6 1 4 3 5] 0.2
[2 1 6 4 5 3] 0.2
[2 1 5 6 4 3] 0.2
[2 5 1 4 6 3] 0.2
[5 2 1 4 3 6] 0.2
[5 2 1 3 6 4] 0.2
[2 5 1 6 3 4] 0.2
[2 1 6 5 3 4] 0.2
[2 6 1 3 5 4] 0.2
[6 2 1 3 4 5] 0.2
[6 1 2 5 3 4] 0.067
[1 6 5 2 3 4] 0.067
[5 1 6 2 3 4] 0.067
[5 1 2 6 4 3] 0.067
[1 5 6 2 4 3] 0.067
[1 6 2 5 4 3] 0.067
[6 1 2 4 5 3] 0.067
[6 1 4 2 3 5] 0.067
[1 6 4 2 5 3] 0.067
[1 4 6 5 2 3] 0.067
[1 5 4 6 2 3] 0.067
[5 1 4 2 6 3] 0.067
[5 4 1 2 3 6] 0.067
[4 5 1 2 6 3] 0.067
[4 1 5 6 2 3] 0.067
[4 1 6 2 5 3] 0.067
[4 6 1 2 3 5] 0.067
[4 1 6 3 2 5] 0.067
[4 1 3 6 5 2] 0.067
[4 1 5 3 6 2] 0.067
[4 5 1 3 2 6] 0.067
[5 1 4 3 2 6] 0.067
[1 5 4 3 6 2] 0.067
[1 4 5 6 3 2] 0.067
[1 4 6 3 5 2] 0.067
[1 6 4 3 2 5] 0.067
[6 1 3 4 2 5] 0.067
[1 6 3 4 5 2] 0.067
[1 3 6 5 4 2] 0.067
[1 5 3 6 4 2] 0.067
[5 1 3 4 6 2] 0.067
[5 1 3 6 2 4] 0.067
[1 5 6 3 2 4] 0.067
[1 6 3 5 2 4] 0.067
[6 1 3 2 5 4] 0.067
[6 3 1 2 4 5] 0.067
[3 6 1 2 5 4] 0.067
[3 1 6 5 2 4] 0.067
[3 5 1 6 2 4] 0.067
[5 3 1 2 6 4] 0.067
[5 3 1 4 2 6] 0.067
[3 5 1 4 6 2] 0.067
[3 1 5 6 4 2] 0.067
[3 1 6 4 5 2] 0.067
[3 6 1 4 2 5] 0.067
[3 4 6 1 2 5] 0.067
[3 4 1 6 5 2] 0.067
[3 4 5 1 6 2] 0.067
[3 5 4 1 2 6] 0.067
[4 3 5 1 2 6] 0.067
[4 3 1 5 6 2] 0.067
[4 3 1 6 2 5] 0.067
[4 3 2 1 6 5] 0.067
[4 3 2 5 1 6] 0.067
[3 4 5 2 1 6] 0.067
[3 4 2 5 6 1] 0.067
[3 4 2 6 1 5] 0.067
[3 2 6 4 1 5] 0.067
[3 2 4 6 5 1] 0.067
[3 2 5 4 6 1] 0.067
[3 5 2 4 1 6] 0.067
[5 3 2 1 4 6] 0.067
[3 5 2 1 6 4] 0.067
[3 2 5 6 1 4] 0.067
[3 2 6 1 5 4] 0.067
[3 6 2 1 4 5] 0.067
[6 2 3 1 4 5] 0.067
[2 6 3 1 5 4] 0.067
[2 3 6 5 1 4] 0.067
[2 5 3 6 1 4] 0.067
[5 2 3 1 6 4] 0.067
[5 2 3 4 1 6] 0.067
[2 5 3 4 6 1] 0.067
[2 3 5 6 4 1] 0.067
[2 3 6 4 5 1] 0.067
[2 6 3 4 1 5] 0.067
[2 4 6 3 1 5] 0.067
[2 4 3 6 5 1] 0.067
[2 4 5 3 6 1] 0.067
[2 5 4 3 1 6] 0.067
[4 2 5 3 1 6] 0.067
[4 2 3 5 6 1] 0.067
[4 2 3 6 1 5] 0.067
[4 2 6 1 3 5] 0.067
[4 2 1 6 5 3] 0.067
[4 2 5 1 6 3] 0.067
[4 5 2 1 3 6] 0.067
[5 2 4 1 3 6] 0.067
[2 5 4 1 6 3] 0.067
[2 4 5 6 1 3] 0.067
[2 4 6 1 5 3] 0.067
[2 6 4 1 3 5] 0.067
[6 2 1 4 3 5] 0.067
[2 6 1 4 5 3] 0.067
[2 1 6 5 4 3] 0.067
[2 5 1 6 4 3] 0.067
[5 2 1 4 6 3] 0.067
[5 2 1 6 3 4] 0.067
[2 5 6 1 3 4] 0.067
[2 6 1 5 3 4] 0.067
[6 2 1 3 5 4] 0.067
[6 1 5 2 3 4] -0.067
[5 6 1 2 3 4] -0.067
[5 1 6 2 4 3] -0.067
[1 6 5 2 4 3] -0.067
[6 1 2 5 4 3] -0.067
[6 1 4 2 5 3] -0.067
[1 6 4 5 2 3] -0.067
[1 5 6 4 2 3] -0.067
[5 1 4 6 2 3] -0.067
[5 4 1 2 6 3] -0.067
[4 5 1 6 2 3] -0.067
[4 1 6 5 2 3] -0.067
[4 6 1 2 5 3] -0.067
[6 4 1 2 3 5] -0.067
[4 6 1 3 2 5] -0.067
[4 1 6 3 5 2] -0.067
[4 1 5 6 3 2] -0.067
[4 5 1 3 6 2] -0.067
[5 4 1 3 2 6] -0.067
[5 1 4 3 6 2] -0.067
[1 5 4 6 3 2] -0.067
[1 4 6 5 3 2] -0.067
[1 6 4 3 5 2] -0.067
[6 1 4 3 2 5] -0.067
[6 1 3 4 5 2] -0.067
[1 6 3 5 4 2] -0.067
[1 5 6 3 4 2] -0.067
[5 1 3 6 4 2] -0.067
[5 1 6 3 2 4] -0.067
[1 6 5 3 2 4] -0.067
[6 1 3 5 2 4] -0.067
[6 3 1 2 5 4] -0.067
[3 6 1 5 2 4] -0.067
[3 5 6 1 2 4] -0.067
[5 3 1 6 2 4] -0.067
[5 3 1 4 6 2] -0.067
[3 5 1 6 4 2] -0.067
[3 1 6 5 4 2] -0.067
[3 6 1 4 5 2] -0.067
[6 3 1 4 2 5] -0.067
[3 6 4 1 2 5] -0.067
[3 4 6 1 5 2] -0.067
[3 4 5 6 1 2] -0.067
[3 5 4 1 6 2] -0.067
[5 3 4 1 2 6] -0.067
[4 5 3 1 2 6] -0.067
[4 3 5 1 6 2] -0.067
[4 3 1 6 5 2] -0.067
[4 3 6 1 2 5] -0.067
[4 3 2 6 1 5] -0.067
[4 3 2 5 6 1] -0.067
[4 3 5 2 1 6] -0.067
[3 5 4 2 1 6] -0.067
[3 4 5 2 6 1] -0.067
[3 4 2 6 5 1] -0.067
[3 4 6 2 1 5] -0.067
[3 6 2 4 1 5] -0.067
[3 2 6 4 5 1] -0.067
[3 2 5 6 4 1] -0.067
[3 5 2 4 6 1] -0.067
[5 3 2 4 1 6] -0.067
[5 3 2 1 6 4] -0.067
[3 5 2 6 1 4] -0.067
[3 2 6 5 1 4] -0.067
[3 6 2 1 5 4] -0.067
[6 3 2 1 4 5] -0.067
[6 2 3 1 5 4] -0.067
[2 6 3 5 1 4] -0.067
[2 5 6 3 1 4] -0.067
[5 2 3 6 1 4] -0.067
[5 2 3 4 6 1] -0.067
[2 5 3 6 4 1] -0.067
[2 3 6 5 4 1] -0.067
[2 6 3 4 5 1] -0.067
[6 2 3 4 1 5] -0.067
[2 6 4 3 1 5] -0.067
[2 4 6 3 5 1] -0.067
[2 4 5 6 3 1] -0.067
[2 5 4 3 6 1] -0.067
[5 2 4 3 1 6] -0.067
[4 5 2 3 1 6] -0.067
[4 2 5 3 6 1] -0.067
[4 2 3 6 5 1] -0.067
[4 2 6 3 1 5] -0.067
[4 6 2 1 3 5] -0.067
[4 2 6 1 5 3] -0.067
[4 2 5 6 1 3] -0.067
[4 5 2 1 6 3] -0.067
[5 4 2 1 3 6] -0.067
[5 2 4 1 6 3] -0.067
[2 5 4 6 1 3] -0.067
[2 4 6 5 1 3] -0.067
[2 6 4 1 5 3] -0.067
[6 2 4 1 3 5] -0.067
[6 2 1 4 5 3] -0.067
[2 6 1 5 4 3] -0.067
[2 5 6 1 4 3] -0.067
[5 2 1 6 4 3] -0.067
[5 2 6 1 3 4] -0.067
[2 6 5 1 3 4] -0.067
[6 2 1 5 3 4] -0.067
[6 5 1 2 3 4] -0.2
[5 6 1 2 4 3] -0.2
[6 1 5 2 4 3] -0.2
[6 1 4 5 2 3] -0.2
[1 6 5 4 2 3] -0.2
[5 1 6 4 2 3] -0.2
[5 4 1 6 2 3] -0.2
[4 5 6 1 2 3] -0.2
[4 6 1 5 2 3] -0.2
[6 4 1 2 5 3] -0.2
[6 4 1 3 2 5] -0.2
[4 6 1 3 5 2] -0.2
[4 1 6 5 3 2] -0.2
[4 5 1 6 3 2] -0.2
[5 4 1 3 6 2] -0.2
[5 1 4 6 3 2] -0.2
[1 5 6 4 3 2] -0.2
[1 6 4 5 3 2] -0.2
[6 1 4 3 5 2] -0.2
[6 1 3 5 4 2] -0.2
[1 6 5 3 4 2] -0.2
[5 1 6 3 4 2] -0.2
[5 6 1 3 2 4] -0.2
[6 1 5 3 2 4] -0.2
[6 3 1 5 2 4] -0.2
[3 6 5 1 2 4] -0.2
[5 3 6 1 2 4] -0.2
[5 3 1 6 4 2] -0.2
[3 5 6 1 4 2] -0.2
[3 6 1 5 4 2] -0.2
[6 3 1 4 5 2] -0.2
[6 3 4 1 2 5] -0.2
[3 6 4 1 5 2] -0.2
[3 4 6 5 1 2] -0.2
[3 5 4 6 1 2] -0.2
[5 3 4 1 6 2] -0.2
[5 4 3 1 2 6] -0.2
[4 5 3 1 6 2] -0.2
[4 3 5 6 1 2] -0.2
[4 3 6 1 5 2] -0.2
[4 6 3 1 2 5] -0.2
[4 3 6 2 1 5] -0.2
[4 3 2 6 5 1] -0.2
[4 3 5 2 6 1] -0.2
[4 5 3 2 1 6] -0.2
[5 3 4 2 1 6] -0.2
[3 5 4 2 6 1] -0.2
[3 4 5 6 2 1] -0.2
[3 4 6 2 5 1] -0.2
[3 6 4 2 1 5] -0.2
[6 3 2 4 1 5] -0.2
[3 6 2 4 5 1] -0.2
[3 2 6 5 4 1] -0.2
[3 5 2 6 4 1] -0.2
[5 3 2 4 6 1] -0.2
[5 3 2 6 1 4] -0.2
[3 5 6 2 1 4] -0.2
[3 6 2 5 1 4] -0.2
[6 3 2 1 5 4] -0.2
[6 2 3 5 1 4] -0.2
[2 6 5 3 1 4] -0.2
[5 2 6 3 1 4] -0.2
[5 2 3 6 4 1] -0.2
[2 5 6 3 4 1] -0.2
[2 6 3 5 4 1] -0.2
[6 2 3 4 5 1] -0.2
[6 2 4 3 1 5] -0.2
[2 6 4 3 5 1] -0.2
[2 4 6 5 3 1] -0.2
[2 5 4 6 3 1] -0.2
[5 2 4 3 6 1] -0.2
[5 4 2 3 1 6] -0.2
[4 5 2 3 6 1] -0.2
[4 2 5 6 3 1] -0.2
[4 2 6 3 5 1] -0.2
[4 6 2 3 1 5] -0.2
[6 4 2 1 3 5] -0.2
[4 6 2 1 5 3] -0.2
[4 2 6 5 1 3] -0.2
[4 5 2 6 1 3] -0.2
[5 4 2 1 6 3] -0.2
[5 2 4 6 1 3] -0.2
[2 5 6 4 1 3] -0.2
[2 6 4 5 1 3] -0.2
[6 2 4 1 5 3] -0.2
[6 2 1 5 4 3] -0.2
[2 6 5 1 4 3] -0.2
[5 2 6 1 4 3] -0.2
[5 6 2 1 3 4] -0.2
[6 2 5 1 3 4] -0.2
[6 5 1 2 4 3] -0.333
[6 1 5 4 2 3] -0.333
[5 6 1 4 2 3] -0.333
[5 4 6 1 2 3] -0.333
[4 6 5 1 2 3] -0.333
[6 4 1 5 2 3] -0.333
[6 4 1 3 5 2] -0.333
[4 6 1 5 3 2] -0.333
[4 5 6 1 3 2] -0.333
[5 4 1 6 3 2] -0.333
[5 1 6 4 3 2] -0.333
[1 6 5 4 3 2] -0.333
[6 1 4 5 3 2] -0.333
[6 1 5 3 4 2] -0.333
[5 6 1 3 4 2] -0.333
[6 5 1 3 2 4] -0.333
[6 3 5 1 2 4] -0.333
[5 6 3 1 2 4] -0.333
[5 3 6 1 4 2] -0.333
[3 6 5 1 4 2] -0.333
[6 3 1 5 4 2] -0.333
[6 3 4 1 5 2] -0.333
[3 6 4 5 1 2] -0.333
[3 5 6 4 1 2] -0.333
[5 3 4 6 1 2] -0.333
[5 4 3 1 6 2] -0.333
[4 5 3 6 1 2] -0.333
[4 3 6 5 1 2] -0.333
[4 6 3 1 5 2] -0.333
[6 4 3 1 2 5] -0.333
[4 6 3 2 1 5] -0.333
[4 3 6 2 5 1] -0.333
[4 3 5 6 2 1] -0.333
[4 5 3 2 6 1] -0.333
[5 4 3 2 1 6] -0.333
[5 3 4 2 6 1] -0.333
[3 5 4 6 2 1] -0.333
[3 4 6 5 2 1] -0.333
[3 6 4 2 5 1] -0.333
[6 3 4 2 1 5] -0.333
[6 3 2 4 5 1] -0.333
[3 6 2 5 4 1] -0.333
[3 5 6 2 4 1] -0.333
[5 3 2 6 4 1] -0.333
[5 3 6 2 1 4] -0.333
[3 6 5 2 1 4] -0.333
[6 3 2 5 1 4] -0.333
[6 2 5 3 1 4] -0.333
[5 6 2 3 1 4] -0.333
[5 2 6 3 4 1] -0.333
[2 6 5 3 4 1] -0.333
[6 2 3 5 4 1] -0.333
[6 2 4 3 5 1] -0.333
[2 6 4 5 3 1] -0.333
[2 5 6 4 3 1] -0.333
[5 2 4 6 3 1] -0.333
[5 4 2 3 6 1] -0.333
[4 5 2 6 3 1] -0.333
[4 2 6 5 3 1] -0.333
[4 6 2 3 5 1] -0.333
[6 4 2 3 1 5] -0.333
[6 4 2 1 5 3] -0.333
[4 6 2 5 1 3] -0.333
[4 5 6 2 1 3] -0.333
[5 4 2 6 1 3] -0.333
[5 2 6 4 1 3] -0.333
[2 6 5 4 1 3] -0.333
[6 2 4 5 1 3] -0.333
[6 2 5 1 4 3] -0.333
[5 6 2 1 4 3] -0.333
[6 5 2 1 3 4] -0.333
[6 5 1 4 2 3] -0.467
[5 6 4 1 2 3] -0.467
[6 4 5 1 2 3] -0.467
[6 4 1 5 3 2] -0.467
[4 6 5 1 3 2] -0.467
[5 4 6 1 3 2] -0.467
[5 6 1 4 3 2] -0.467
[6 1 5 4 3 2] -0.467
[6 5 1 3 4 2] -0.467
[6 5 3 1 2 4] -0.467
[5 6 3 1 4 2] -0.467
[6 3 5 1 4 2] -0.467
[6 3 4 5 1 2] -0.467
[3 6 5 4 1 2] -0.467
[5 3 6 4 1 2] -0.467
[5 4 3 6 1 2] -0.467
[4 5 6 3 1 2] -0.467
[4 6 3 5 1 2] -0.467
[6 4 3 1 5 2] -0.467
[6 4 3 2 1 5] -0.467
[4 6 3 2 5 1] -0.467
[4 3 6 5 2 1] -0.467
[4 5 3 6 2 1] -0.467
[5 4 3 2 6 1] -0.467
[5 3 4 6 2 1] -0.467
[3 5 6 4 2 1] -0.467
[3 6 4 5 2 1] -0.467
[6 3 4 2 5 1] -0.467
[6 3 2 5 4 1] -0.467
[3 6 5 2 4 1] -0.467
[5 3 6 2 4 1] -0.467
[5 6 3 2 1 4] -0.467
[6 3 5 2 1 4] -0.467
[6 5 2 3 1 4] -0.467
[5 6 2 3 4 1] -0.467
[6 2 5 3 4 1] -0.467
[6 2 4 5 3 1] -0.467
[2 6 5 4 3 1] -0.467
[5 2 6 4 3 1] -0.467
[5 4 2 6 3 1] -0.467
[4 5 6 2 3 1] -0.467
[4 6 2 5 3 1] -0.467
[6 4 2 3 5 1] -0.467
[6 4 2 5 1 3] -0.467
[4 6 5 2 1 3] -0.467
[5 4 6 2 1 3] -0.467
[5 6 2 4 1 3] -0.467
[6 2 5 4 1 3] -0.467
[6 5 2 1 4 3] -0.467
[6 5 4 1 2 3] -0.6
[6 4 5 1 3 2] -0.6
[5 6 4 1 3 2] -0.6
[6 5 1 4 3 2] -0.6
[6 5 3 1 4 2] -0.6
[6 3 5 4 1 2] -0.6
[5 6 3 4 1 2] -0.6
[5 4 6 3 1 2] -0.6
[4 6 5 3 1 2] -0.6
[6 4 3 5 1 2] -0.6
[6 4 3 2 5 1] -0.6
[4 6 3 5 2 1] -0.6
[4 5 6 3 2 1] -0.6
[5 4 3 6 2 1] -0.6
[5 3 6 4 2 1] -0.6
[3 6 5 4 2 1] -0.6
[6 3 4 5 2 1] -0.6
[6 3 5 2 4 1] -0.6
[5 6 3 2 4 1] -0.6
[6 5 3 2 1 4] -0.6
[6 5 2 3 4 1] -0.6
[6 2 5 4 3 1] -0.6
[5 6 2 4 3 1] -0.6
[5 4 6 2 3 1] -0.6
[4 6 5 2 3 1] -0.6
[6 4 2 5 3 1] -0.6
[6 4 5 2 1 3] -0.6
[5 6 4 2 1 3] -0.6
[6 5 2 4 1 3] -0.6
[6 5 4 1 3 2] -0.733
[6 5 3 4 1 2] -0.733
[5 6 4 3 1 2] -0.733
[6 4 5 3 1 2] -0.733
[6 4 3 5 2 1] -0.733
[4 6 5 3 2 1] -0.733
[5 4 6 3 2 1] -0.733
[5 6 3 4 2 1] -0.733
[6 3 5 4 2 1] -0.733
[6 5 3 2 4 1] -0.733
[6 5 2 4 3 1] -0.733
[5 6 4 2 3 1] -0.733
[6 4 5 2 3 1] -0.733
[6 5 4 2 1 3] -0.733
[6 5 4 3 1 2] -0.867
[6 4 5 3 2 1] -0.867
[5 6 4 3 2 1] -0.867
[6 5 3 4 2 1] -0.867
[6 5 4 2 3 1] -0.867
[6 5 4 3 2 1] -1
